{
 "cells": [
  {
   "cell_type": "code",
   "execution_count": 6,
   "metadata": {
    "collapsed": false
   },
   "outputs": [
    {
     "name": "stdout",
     "output_type": "stream",
     "text": [
      "Populating the interactive namespace from numpy and matplotlib\n"
     ]
    }
   ],
   "source": [
    "%pylab inline\n",
    "import pandas as pd\n",
    "import scipy.stats as stats\n",
    "import sys\n",
    "#reload(sys)  \n",
    "#sys.setdefaultencoding('utf8')\n",
    "\n",
    "Frame = pd.read_excel('tabla_total.xlsx')"
   ]
  },
  {
   "cell_type": "code",
   "execution_count": 10,
   "metadata": {
    "collapsed": false
   },
   "outputs": [],
   "source": [
    "X   = Frame.iloc[:,5:-1]\n",
    "X_N = X[:25]\n",
    "X_S = X[25:]"
   ]
  },
  {
   "cell_type": "code",
   "execution_count": 8,
   "metadata": {
    "collapsed": false
   },
   "outputs": [
    {
     "name": "stdout",
     "output_type": "stream",
     "text": [
      "Test de Homocedastacidad de Levene\n",
      "% total Arenas Norte vs. Sur(6.0189574661796374, 0.018091089811928127)\n",
      "% total Arcillas Norte vs. Sur(0.85508344047868301, 0.36005062515704589)\n",
      "% total Limos Norte vs. Sur(7.4531907687562668, 0.0090070942922424162)\n"
     ]
    }
   ],
   "source": [
    "print \"Test de Homocedastacidad de Levene\"\n",
    "for i in range(len(Columnas)):\n",
    "    print Columnas[i]+\" Norte vs. Sur\" + str(stats.levene(X_N.iloc[:,i], X_S.iloc[:,i]))"
   ]
  },
  {
   "cell_type": "code",
   "execution_count": 14,
   "metadata": {
    "collapsed": false
   },
   "outputs": [],
   "source": [
    "Z = (X - mean(X) )/ std(X)"
   ]
  },
  {
   "cell_type": "code",
   "execution_count": 17,
   "metadata": {
    "collapsed": false
   },
   "outputs": [],
   "source": [
    "corr = pd.DataFrame.corr(Z)"
   ]
  },
  {
   "cell_type": "code",
   "execution_count": 18,
   "metadata": {
    "collapsed": false
   },
   "outputs": [
    {
     "data": {
      "text/html": [
       "<div style=\"max-height:1000px;max-width:1500px;overflow:auto;\">\n",
       "<table border=\"1\" class=\"dataframe\">\n",
       "  <thead>\n",
       "    <tr style=\"text-align: right;\">\n",
       "      <th></th>\n",
       "      <th>Pendiente</th>\n",
       "      <th>Precipitacion</th>\n",
       "      <th>Temperatura</th>\n",
       "      <th>Evaporacion</th>\n",
       "      <th>DA (g/cm3)</th>\n",
       "      <th>MgC/ha</th>\n",
       "      <th>KgN/ha</th>\n",
       "      <th>C:N</th>\n",
       "      <th>KgS/ha</th>\n",
       "      <th>KgP/ha</th>\n",
       "      <th>CO</th>\n",
       "      <th>% total Arenas</th>\n",
       "      <th>% total Arcillas</th>\n",
       "      <th>% total Limos</th>\n",
       "    </tr>\n",
       "  </thead>\n",
       "  <tbody>\n",
       "    <tr>\n",
       "      <th>Pendiente</th>\n",
       "      <td> 1.000000</td>\n",
       "      <td> 0.245448</td>\n",
       "      <td>-0.239177</td>\n",
       "      <td> 0.325845</td>\n",
       "      <td>-0.038366</td>\n",
       "      <td> 0.153497</td>\n",
       "      <td> 0.019530</td>\n",
       "      <td> 0.273156</td>\n",
       "      <td> 0.196333</td>\n",
       "      <td> 0.195431</td>\n",
       "      <td> 0.386338</td>\n",
       "      <td> 0.409211</td>\n",
       "      <td>-0.147606</td>\n",
       "      <td>-0.438423</td>\n",
       "    </tr>\n",
       "    <tr>\n",
       "      <th>Precipitacion</th>\n",
       "      <td> 0.245448</td>\n",
       "      <td> 1.000000</td>\n",
       "      <td>-0.724413</td>\n",
       "      <td>-0.090792</td>\n",
       "      <td> 0.225358</td>\n",
       "      <td>-0.187666</td>\n",
       "      <td>-0.110384</td>\n",
       "      <td>-0.081411</td>\n",
       "      <td>-0.230702</td>\n",
       "      <td>-0.110067</td>\n",
       "      <td> 0.039551</td>\n",
       "      <td> 0.363509</td>\n",
       "      <td>-0.301732</td>\n",
       "      <td>-0.208276</td>\n",
       "    </tr>\n",
       "    <tr>\n",
       "      <th>Temperatura</th>\n",
       "      <td>-0.239177</td>\n",
       "      <td>-0.724413</td>\n",
       "      <td> 1.000000</td>\n",
       "      <td> 0.061685</td>\n",
       "      <td>-0.115215</td>\n",
       "      <td> 0.113759</td>\n",
       "      <td> 0.029497</td>\n",
       "      <td> 0.025489</td>\n",
       "      <td>-0.070958</td>\n",
       "      <td>-0.015924</td>\n",
       "      <td>-0.077394</td>\n",
       "      <td>-0.155117</td>\n",
       "      <td> 0.166756</td>\n",
       "      <td> 0.048520</td>\n",
       "    </tr>\n",
       "    <tr>\n",
       "      <th>Evaporacion</th>\n",
       "      <td> 0.325845</td>\n",
       "      <td>-0.090792</td>\n",
       "      <td> 0.061685</td>\n",
       "      <td> 1.000000</td>\n",
       "      <td>-0.264793</td>\n",
       "      <td> 0.337208</td>\n",
       "      <td> 0.392527</td>\n",
       "      <td> 0.239124</td>\n",
       "      <td> 0.431222</td>\n",
       "      <td> 0.279859</td>\n",
       "      <td> 0.146962</td>\n",
       "      <td> 0.103495</td>\n",
       "      <td> 0.099166</td>\n",
       "      <td>-0.255838</td>\n",
       "    </tr>\n",
       "    <tr>\n",
       "      <th>DA (g/cm3)</th>\n",
       "      <td>-0.038366</td>\n",
       "      <td> 0.225358</td>\n",
       "      <td>-0.115215</td>\n",
       "      <td>-0.264793</td>\n",
       "      <td> 1.000000</td>\n",
       "      <td>-0.118714</td>\n",
       "      <td> 0.031889</td>\n",
       "      <td>-0.091346</td>\n",
       "      <td>-0.105239</td>\n",
       "      <td>-0.059954</td>\n",
       "      <td>-0.012342</td>\n",
       "      <td>-0.087926</td>\n",
       "      <td>-0.058807</td>\n",
       "      <td> 0.190335</td>\n",
       "    </tr>\n",
       "    <tr>\n",
       "      <th>MgC/ha</th>\n",
       "      <td> 0.153497</td>\n",
       "      <td>-0.187666</td>\n",
       "      <td> 0.113759</td>\n",
       "      <td> 0.337208</td>\n",
       "      <td>-0.118714</td>\n",
       "      <td> 1.000000</td>\n",
       "      <td> 0.647103</td>\n",
       "      <td> 0.816227</td>\n",
       "      <td> 0.569850</td>\n",
       "      <td> 0.491261</td>\n",
       "      <td> 0.190431</td>\n",
       "      <td> 0.048441</td>\n",
       "      <td> 0.194925</td>\n",
       "      <td>-0.277458</td>\n",
       "    </tr>\n",
       "    <tr>\n",
       "      <th>KgN/ha</th>\n",
       "      <td> 0.019530</td>\n",
       "      <td>-0.110384</td>\n",
       "      <td> 0.029497</td>\n",
       "      <td> 0.392527</td>\n",
       "      <td> 0.031889</td>\n",
       "      <td> 0.647103</td>\n",
       "      <td> 1.000000</td>\n",
       "      <td> 0.306933</td>\n",
       "      <td> 0.645152</td>\n",
       "      <td> 0.279038</td>\n",
       "      <td> 0.053324</td>\n",
       "      <td>-0.110157</td>\n",
       "      <td> 0.243453</td>\n",
       "      <td>-0.098320</td>\n",
       "    </tr>\n",
       "    <tr>\n",
       "      <th>C:N</th>\n",
       "      <td> 0.273156</td>\n",
       "      <td>-0.081411</td>\n",
       "      <td> 0.025489</td>\n",
       "      <td> 0.239124</td>\n",
       "      <td>-0.091346</td>\n",
       "      <td> 0.816227</td>\n",
       "      <td> 0.306933</td>\n",
       "      <td> 1.000000</td>\n",
       "      <td> 0.421951</td>\n",
       "      <td> 0.593164</td>\n",
       "      <td> 0.198638</td>\n",
       "      <td> 0.105851</td>\n",
       "      <td> 0.098463</td>\n",
       "      <td>-0.258519</td>\n",
       "    </tr>\n",
       "    <tr>\n",
       "      <th>KgS/ha</th>\n",
       "      <td> 0.196333</td>\n",
       "      <td>-0.230702</td>\n",
       "      <td>-0.070958</td>\n",
       "      <td> 0.431222</td>\n",
       "      <td>-0.105239</td>\n",
       "      <td> 0.569850</td>\n",
       "      <td> 0.645152</td>\n",
       "      <td> 0.421951</td>\n",
       "      <td> 1.000000</td>\n",
       "      <td> 0.375037</td>\n",
       "      <td> 0.170814</td>\n",
       "      <td>-0.231300</td>\n",
       "      <td> 0.298744</td>\n",
       "      <td> 0.019158</td>\n",
       "    </tr>\n",
       "    <tr>\n",
       "      <th>KgP/ha</th>\n",
       "      <td> 0.195431</td>\n",
       "      <td>-0.110067</td>\n",
       "      <td>-0.015924</td>\n",
       "      <td> 0.279859</td>\n",
       "      <td>-0.059954</td>\n",
       "      <td> 0.491261</td>\n",
       "      <td> 0.279038</td>\n",
       "      <td> 0.593164</td>\n",
       "      <td> 0.375037</td>\n",
       "      <td> 1.000000</td>\n",
       "      <td>-0.104264</td>\n",
       "      <td>-0.016165</td>\n",
       "      <td> 0.135230</td>\n",
       "      <td>-0.120097</td>\n",
       "    </tr>\n",
       "    <tr>\n",
       "      <th>CO</th>\n",
       "      <td> 0.386338</td>\n",
       "      <td> 0.039551</td>\n",
       "      <td>-0.077394</td>\n",
       "      <td> 0.146962</td>\n",
       "      <td>-0.012342</td>\n",
       "      <td> 0.190431</td>\n",
       "      <td> 0.053324</td>\n",
       "      <td> 0.198638</td>\n",
       "      <td> 0.170814</td>\n",
       "      <td>-0.104264</td>\n",
       "      <td> 1.000000</td>\n",
       "      <td> 0.296272</td>\n",
       "      <td>-0.196980</td>\n",
       "      <td>-0.221727</td>\n",
       "    </tr>\n",
       "    <tr>\n",
       "      <th>% total Arenas</th>\n",
       "      <td> 0.409211</td>\n",
       "      <td> 0.363509</td>\n",
       "      <td>-0.155117</td>\n",
       "      <td> 0.103495</td>\n",
       "      <td>-0.087926</td>\n",
       "      <td> 0.048441</td>\n",
       "      <td>-0.110157</td>\n",
       "      <td> 0.105851</td>\n",
       "      <td>-0.231300</td>\n",
       "      <td>-0.016165</td>\n",
       "      <td> 0.296272</td>\n",
       "      <td> 1.000000</td>\n",
       "      <td>-0.726150</td>\n",
       "      <td>-0.683301</td>\n",
       "    </tr>\n",
       "    <tr>\n",
       "      <th>% total Arcillas</th>\n",
       "      <td>-0.147606</td>\n",
       "      <td>-0.301732</td>\n",
       "      <td> 0.166756</td>\n",
       "      <td> 0.099166</td>\n",
       "      <td>-0.058807</td>\n",
       "      <td> 0.194925</td>\n",
       "      <td> 0.243453</td>\n",
       "      <td> 0.098463</td>\n",
       "      <td> 0.298744</td>\n",
       "      <td> 0.135230</td>\n",
       "      <td>-0.196980</td>\n",
       "      <td>-0.726150</td>\n",
       "      <td> 1.000000</td>\n",
       "      <td>-0.005816</td>\n",
       "    </tr>\n",
       "    <tr>\n",
       "      <th>% total Limos</th>\n",
       "      <td>-0.438423</td>\n",
       "      <td>-0.208276</td>\n",
       "      <td> 0.048520</td>\n",
       "      <td>-0.255838</td>\n",
       "      <td> 0.190335</td>\n",
       "      <td>-0.277458</td>\n",
       "      <td>-0.098320</td>\n",
       "      <td>-0.258519</td>\n",
       "      <td> 0.019158</td>\n",
       "      <td>-0.120097</td>\n",
       "      <td>-0.221727</td>\n",
       "      <td>-0.683301</td>\n",
       "      <td>-0.005816</td>\n",
       "      <td> 1.000000</td>\n",
       "    </tr>\n",
       "  </tbody>\n",
       "</table>\n",
       "</div>"
      ],
      "text/plain": [
       "                  Pendiente  Precipitacion  Temperatura  Evaporacion  \\\n",
       "Pendiente          1.000000       0.245448    -0.239177     0.325845   \n",
       "Precipitacion      0.245448       1.000000    -0.724413    -0.090792   \n",
       "Temperatura       -0.239177      -0.724413     1.000000     0.061685   \n",
       "Evaporacion        0.325845      -0.090792     0.061685     1.000000   \n",
       "DA (g/cm3)        -0.038366       0.225358    -0.115215    -0.264793   \n",
       "MgC/ha             0.153497      -0.187666     0.113759     0.337208   \n",
       "KgN/ha             0.019530      -0.110384     0.029497     0.392527   \n",
       "C:N                0.273156      -0.081411     0.025489     0.239124   \n",
       "KgS/ha             0.196333      -0.230702    -0.070958     0.431222   \n",
       "KgP/ha             0.195431      -0.110067    -0.015924     0.279859   \n",
       "CO                 0.386338       0.039551    -0.077394     0.146962   \n",
       "% total Arenas     0.409211       0.363509    -0.155117     0.103495   \n",
       "% total Arcillas  -0.147606      -0.301732     0.166756     0.099166   \n",
       "% total Limos     -0.438423      -0.208276     0.048520    -0.255838   \n",
       "\n",
       "                  DA (g/cm3)    MgC/ha    KgN/ha       C:N    KgS/ha  \\\n",
       "Pendiente          -0.038366  0.153497  0.019530  0.273156  0.196333   \n",
       "Precipitacion       0.225358 -0.187666 -0.110384 -0.081411 -0.230702   \n",
       "Temperatura        -0.115215  0.113759  0.029497  0.025489 -0.070958   \n",
       "Evaporacion        -0.264793  0.337208  0.392527  0.239124  0.431222   \n",
       "DA (g/cm3)          1.000000 -0.118714  0.031889 -0.091346 -0.105239   \n",
       "MgC/ha             -0.118714  1.000000  0.647103  0.816227  0.569850   \n",
       "KgN/ha              0.031889  0.647103  1.000000  0.306933  0.645152   \n",
       "C:N                -0.091346  0.816227  0.306933  1.000000  0.421951   \n",
       "KgS/ha             -0.105239  0.569850  0.645152  0.421951  1.000000   \n",
       "KgP/ha             -0.059954  0.491261  0.279038  0.593164  0.375037   \n",
       "CO                 -0.012342  0.190431  0.053324  0.198638  0.170814   \n",
       "% total Arenas     -0.087926  0.048441 -0.110157  0.105851 -0.231300   \n",
       "% total Arcillas   -0.058807  0.194925  0.243453  0.098463  0.298744   \n",
       "% total Limos       0.190335 -0.277458 -0.098320 -0.258519  0.019158   \n",
       "\n",
       "                    KgP/ha        CO  % total Arenas  % total Arcillas  \\\n",
       "Pendiente         0.195431  0.386338        0.409211         -0.147606   \n",
       "Precipitacion    -0.110067  0.039551        0.363509         -0.301732   \n",
       "Temperatura      -0.015924 -0.077394       -0.155117          0.166756   \n",
       "Evaporacion       0.279859  0.146962        0.103495          0.099166   \n",
       "DA (g/cm3)       -0.059954 -0.012342       -0.087926         -0.058807   \n",
       "MgC/ha            0.491261  0.190431        0.048441          0.194925   \n",
       "KgN/ha            0.279038  0.053324       -0.110157          0.243453   \n",
       "C:N               0.593164  0.198638        0.105851          0.098463   \n",
       "KgS/ha            0.375037  0.170814       -0.231300          0.298744   \n",
       "KgP/ha            1.000000 -0.104264       -0.016165          0.135230   \n",
       "CO               -0.104264  1.000000        0.296272         -0.196980   \n",
       "% total Arenas   -0.016165  0.296272        1.000000         -0.726150   \n",
       "% total Arcillas  0.135230 -0.196980       -0.726150          1.000000   \n",
       "% total Limos    -0.120097 -0.221727       -0.683301         -0.005816   \n",
       "\n",
       "                  % total Limos  \n",
       "Pendiente             -0.438423  \n",
       "Precipitacion         -0.208276  \n",
       "Temperatura            0.048520  \n",
       "Evaporacion           -0.255838  \n",
       "DA (g/cm3)             0.190335  \n",
       "MgC/ha                -0.277458  \n",
       "KgN/ha                -0.098320  \n",
       "C:N                   -0.258519  \n",
       "KgS/ha                 0.019158  \n",
       "KgP/ha                -0.120097  \n",
       "CO                    -0.221727  \n",
       "% total Arenas        -0.683301  \n",
       "% total Arcillas      -0.005816  \n",
       "% total Limos          1.000000  "
      ]
     },
     "execution_count": 18,
     "metadata": {},
     "output_type": "execute_result"
    }
   ],
   "source": [
    "corr"
   ]
  },
  {
   "cell_type": "code",
   "execution_count": null,
   "metadata": {
    "collapsed": true
   },
   "outputs": [],
   "source": []
  }
 ],
 "metadata": {
  "kernelspec": {
   "display_name": "Python 2",
   "language": "python",
   "name": "python2"
  },
  "language_info": {
   "codemirror_mode": {
    "name": "ipython",
    "version": 2
   },
   "file_extension": ".py",
   "mimetype": "text/x-python",
   "name": "python",
   "nbconvert_exporter": "python",
   "pygments_lexer": "ipython2",
   "version": "2.7.9"
  }
 },
 "nbformat": 4,
 "nbformat_minor": 0
}
